1003288621803128
1005352377785326
1006552464602797
1010948331252430
1011715254489347
1014853950189412
1016179613306960
1018381426737952
1021648686660514
1022157893004824
1023153796675090
1023479639177347
1024547122811802
1025886395942301
1027393019408732
1030505052530597
1033183768948248
1033906904936104
1035145705398568
1035259517771031
1037124955159571
1037604038440779
1039624824958524
1040546041254482
1040732846981804
1041305253707814
1041728458044956
1043214897550848
1044891386953716
1046867526915185
1046949290521621
1049549713578204
1050672873805130
1051429749542063
1052210002419046
1053426706424290
1053644333383068
1054614256608510
1054850196333937
1054896249412426
1055170459642762
1056233766601444
1056503052789968
1057039952212350
1058706492489860
1059490009298051
1060499561989568
1063118245142571
1063851875435749
1064037245790696
1064615158625831
1064998215133168
1065348718495879
1067336321505845
1067357724609460
1067708795556824
1067731848224394
1067977351510313
1068046088361959
1068214821509358
1068816434651131
1069090165395709
1071287584500336
1071508260977145
1071699537665591
1071738751129845
1071857445075226
1072528618102474
1072588038361651
1073876051334309
1074573331240979
1074765661209984
1075147021468292
1075511137880045
1076329397721800
1076541707115712
1077461467193808
1078819467696446
1079209904078059
1081055110514138
1082109390591219
1084295303372012
1084807110402311
1086656416669868
1088292522823280
1088383239615305
1088701496376949
1088986456658064
1089423372541109
1090951093142560
1091989265784454
1092343336168712
1092914339503707
1093431085731008
1093464559592378
1093969208888234
1094078559173261
1094531972077918
1095764375772529
1096031778555824
1096078722264486
1096678232622545
1096937211764531
1097582862483584
1098325681640374
1098515125111553
1099302691560099
1099452388757245
1101515248591073
1101587884922005
1102586398052204
1102595995184122
1102923411490562
1103807447867528
1104895074915887
1105199881561806
1105260837653620
1105506967607887
1106717674952986
1107279857479411
1108019160715841
1108213680741399
1108769847732147
1110583200750662
1110819353801742
1111834127549271
1111894596928807
1112026210870088
1112420433706648
1113106506897144
1114134507092052
1114310366933340
1117051607161364
1117052623430324
1117649623111802
1120051150014525
1120860559879256
1120984346761200
1121918753189725
1123030936585120
1123132279838040
1123581585523211
1123714469568857
1124010123204978
1124174245714957
1124475079051050
1124490905761137
1126007965950709
1127085389337665
1127722355931226
1128012142682363
1129507839234819
1129540152158203
1130140429031471
1134834131651662
1135163234865703
1136764707862567
1137708217727077
1138118024399730
1138547547684828
1139218898150348
1139252037620299
1139351287626730
1140104760854567
1140185271386184
1141676890243722
1149281417248552
1150587863128577
1152599762485034
1153922083164059
1154080996546808
1154608419823174
1154897459543308
1155644296397774
1156374772915815
1158540622799873
1163592772342137
1165117158993019
1168098358483851
1170434277580432
1170464708137833
1170561721797506
1175638734399594
1177411962938694
1178430734334237
1178982354085443
1179097119879837
1179526753133758
1184510240094423
1187433919147899
1190991158813545
1191939446042311
1192436868517434
1193932369166650
1195146625803574
1197124041372785
1199604548016664
1201167681755194
1202139704433329
1205250391184742
1206632980481507
1206728250756413
1208817616972692
1209133313504766
1209738284301789
1209744847498719
1211686147109177
1212981716678140
1213002693259108
1213116876613215
1214023243142633
1215593569450933
1217254969545399
1217356410408641
1217967776693933
1218728186098683
1220125799278948
1221452612446233
1222142199668980
1222346126602264
1222392585788429
1227364298483227
1228128348850951
1228270869040361
1230913428273663
1231070651984425
1231741164484365
1233864367653286
1234338335373432
1234454970894128
1234523301402045
1234613344454407
1236275710998327
1236516540983683
1237613071230042
1239011557887605
1239061971004153
1239561181518517
1240636830394789
1240924568046965
1241063803985532
1241438573566378
1241530060495799
1242195890216224
1244049453461468
1244967730631623
1245532193247645
1246661213110559
1247108050100315
1247176783563014
1249624399433870
1251113249293076
1252602842558299
1254434116090036
1255047342599432
1255166872163605
1256381762482806
1256828395944768
1257468265438534
1257650982379439
1257701502315324
1259387648742081
1259672605102055
1259694461881373
1260390028625456
1261276178357925
1261348051906967
1262035081887993
1262608032009595
1262952218711034
1263585974659418
1264181025200772
1264686255284466
1265734975143191
1265923035007791
1268273851181616
1268526727537153
1269588971836330
1269590034646266
1270232018071775
1271323467824876
1272476594200069
1272572844236199
1273069770934356
1273500090826562
1273723901167467
1274882150971467
1275656207639337
1275968804275885
1278978243409269
1279827863941214
1280176172997633
1280353733469498
1282772870090412
1283028593137596
1283549476137291
1283650353259502
1283975780121155
1285332789626559
1285496422895795
1286981049377557
1287610479284279
1287953492375756
1289920092676878
1291507698938011
1293184908955733
1293487982789978
1294887788359938
1294895188922912
1296169945077762
1296379721734592
1297455508171814
1299423281775137
1299864321342107
1300660757629072
1301606114706569
1301987450793861
1302143468373865
1303077368008375
1303858754751502
1304886981359307
1306612744248069
1306888280826280
1308285387645176
1308841637509808
1309777374059438
1310113299951622
1311080783209573
1312018393312657
1312173999756435
1312638000527576
1315902413524222
1318455299619053
1322324389301212
1323997605470983
1324192679419154
1324423682690195
1325298175503513
1329117818245135
1329371238630107
1329698648673077
1330184015186815
1330403047929072
1331727305168055
1332078911135715
1332244198310170
1338850398240906
1341002763744774
1341931450829562
1343599527419007
1343857880419054
1347553180302997
1347764316329309
1349431260128646
1350297376433566
1350665523326159
1350710653350445
1352300642543836
1353342276168364
1353675913049334
1358647141875680
1363532448665303
1365011601237060
1376372259990056
1376925063279476
1377888750111679
1379748873309327
1381402926678012
1382409066308134
1387378475844740
1387526382538838
1389313689257322
1391335765286518
1393449065323513
1395098871566921
1396751441593524
1397051434878999
1401962657524743
1405822020475191
1407177510554427
1409465923842366
1412609086825061
1413144356570174
1414610659858757
1416361839153740
1416936392269425
1417261962267783
1418150716132693
1419343432682620
1421811995576783
1422006639025138
1422728055734528
1423176738913660
1425486938743946
1430061937776860
1430281411604946
1433290277340573
1434509560573195
1436118627054985
1437568000258499
1438143237373012
1439470263986681
1440848026607843
1441423200507027
1443028990289540
1443963496639541
1445300306648568
1446841266317284
1450264399444504
1451492436065920
1451829432178060
1452563206092163
1453389892652010
1460205131340686
1461316131688006
1462758747746039
1463943811101983
1466017804627014
1468062227685765
1468592294274290
1469014617707361
1469606070349239
1470005327567448
1470994427420909
1471367507347412
1471461647319046
1473151933823746
1474891853898353
1475654736434383
1476252267017458
1477293803509331
1477343786797117
1478028649559208
1479254636716770
1479285759901465
1479646076488238
1481042873311787
1481619516592628
1481927405845201
1483062679406278
1484719082218184
1485470898780829
1487609619067326
1488164679240416
1489401532103838
1490069208931528
1490903581613858
1493560088661689
1494349045087670
1496824151451774
1498571207530720
1499809878040549
1499886391021230
1502318471164916
1504579780889785
1505326377367481
1505560953755289
1510048713359410
1510162939627983
1510264397053903
1510902540355555
1511777562849500
1512745229738382
1512789616566833
1512801996809712
1513721972678706
1513905886281216
1517698796265695
1518817152610746
1519815622713182
1520245475830722
1520394365991910
1520977465293068
1523116011985599
1523373882162332
1526986905337843
1528740767826403
1528927177811267
1529482185131035
1530765334936657
1533162207855976
1533685377664107
1533876141334678
1534446737425123
1534553110520449
1534616654112415
1535845927138311
1536145136991408
1538648900662944
1541410737225834
1542182833629970
1542322943161803
1551290715505917
1553480958705564
1555617931723171
1557073444891819
1561173875290458
1562613631721159
1564019171175764
1564069657528189
1565178380761735
1572122253663701
1572561517456488
1578232242780584
1583732356321667
1584015965626422
1589739918640097
1591287511834497
1591939378421524
1593759401034790
1594136121553727
1596139747973626
1599235084320967
1602573193934026
1604041260531261
1608465026546053
1609612369938175
1609883789884906
1610847566309535
1611196199432651
1613070349592273
1614173553118227
1617390422082773
1619866398701228
1623017595327248
1624693301798291
1626350587940615
1627449544482680
1629009041380981
1634120490615766
1636745440550194
1639218719972230
1643902630331260
1646589465925253
1650245302319876
1652506912035633
1654714805119210
1655190121773233
1655920618696689
1668668643978183
1670577690320888
1681853099188129
1690721064927198
1691129934996036
1691164755004393
1691215271647424
1692495128196719
1695534014484534
1697345214330079
1701604503812971
1703790736896868
1704651543749911
1705202380187745
1706316503610448
1706639813211844
1710129173086937
1711231032932628
1712743956277413
1714005479389724
1714011979413818
1717597308897541
1720511015495670
1729421195115917
1729430791096194
1730011927788278
1730599367622584
1732668440718671
1733054144146379
1733772334192644
1733804680542257
1735749150278346
1736093420353645
1738633350323146
1741094423259852
1742488636582178
1745214186221891
1745282042912647
1747567162674436
1750187622248968
1752237495688442
1754342168502505
1755245011954543
1755277761741180
1757666271546732
1761930557923798
1763975971064466
1765069817415007
1769285347357613
1773760566489734
1775613997170615
1775985519677092
1779079056819533
1785854432807772
1790883895042115
1791547184667747
1792764454650856
1792796004665233
1793617881220025
1794629071190865
1795781174587509
1795834921027593
1797210521161456
1798158454162321
1799716924271255
1806663676901131
1806901436927639
1808136676592552
1810410596241661
1810922263119032
1814389149157866
1816781515796256
1816914175501522
1817322022549330
1821011915155244
1824356398491797
1824757504928619
1833127620546641
1833321527579828
1839124190036129
1840379626700717
1840614033183955
1840713340150158
1841310910140417
1841676613232275
1844182543054951
1846233282590244
1848309969454326
1853328328584094
1853805062220357
1859173647958962
1862432028007514
1863518747914382
1870064287115633
1873928309871818
1876181809824754
1876955696425736
1878863666401357
1880250229541345
1890739924842718
1891342218109887
1892416194881876
1893390817922569
1895126734226349
1898045710756841
1898113187701081
1900354507214674
1904560276733893
1906126356620157
1906497399930620
1911619745986882
1911857522640071
1912986265908050
1919331828637042
1919574828844646
1921127068398871
1936044740300371
1936610300235845
1938661813597703
1939998210151497
1943174649947512
1944571496368452
1947004942732759
1953608031767275
1956842748477330
1957712398312277
1967950197041352
1968100207369131
1968919997229191
1972209416856107
1976429833094043
1978377746264020
1982939829196312
1987653845326168
1988121192009035
1995711887501295
1999380433990601
2007613510053727
2010459723101602
2016406658795301
2021554288381044
2026530771492032
2035407583893927
2041702929900232
2063679517770581
2088898858287011
2102765160201040
2108739749953711
2112366195835498
2121723574904696
2132384683953993
2140772766430499
2144259139309354
2144668279349261
2145952615927356
2152671635128373
2159036607825101
2159173634570992
2164891747366806
2167176260419644
2169191893552823
2171345260051101
217303067800972
2178026362936431
2179610212432980
2185295071950869
2187190608469766
2209896729475138
2231934043946500
2232229640535518
2239962179773146
2241284666334906
225382900358346
2267029060396294
2267583247015884
2274799222883704
2284284025359140
2288847371501393
2293637827750077
2303613826747475
2303726666646635
2307465939630721
2308281389606057
2312644069192475
2319365925083960
2322861788129585
2337897759940796
2350582605343597
2384339255295406
23893150683708175
23907881075537016
23944862811791888
23970307869315486
24001360786170346
2404250770013577
24152070927818327
2418725928500171
24200578139614421
24201732052841462
24227871240203639
24260044417021868
24309102745418887
24336437369310932
24336931022655996
24472351289054591
2457860424552478
24620271034304514
24678480378480272
2471617589867856
2474770146211553
249328921069900
2496164397448706
24969039676037592
25026353036959973
25097563796510759
25112749084997606
2515401738827017
2521639528203639
25237253035893327
2523725381309600
2525632267794372
2538979946467310
25416680347932006
2562502364098152
2563476467325074
2563986130616322
2575249959499196
2582858302103011
2587795188230091
2590924211273236
2591990794525299
2599128983770057
2599543337095768
2628610167493534
2631383017206041
2637476606583544
2638030999865937
26463137203332721
2651672271836109
2676205839250240
26782214954702966
2698707346978344
2738894332961820
274713991677310
27611293848514444
2782355705298631
2782865265436697
27839043802378187
2787533128106550
2796508807190691
2804558096373838
2846452185542754
2850329641818216
286177543853297
2908462202643117
2918843128284412
29743082728673768
2985536538313597
3014956838681400
3022831327868270
3053954204776692
3152724554891057
3175928652555708
31785750661038869
31810229665234961
3215351035261898
3307042302765926
3353150788312121
3392054417624466
3393937737522494
3404795606482013
3436417293156856
351021261413891
3511153659203175
3535588693405299
3619550698191526
3630405730429552
3635732769893136
3677124855751439
3687818028188151
3736875826621134
3791804017757975
3848941192033974
3868604160046893
3869635513293350
3872919309632900
388025821013960
388063840977775
3883064435290078
3890195341302251
3920775098246709
394767956612082
3951066448443289
3952449021699271
3952963438347505
3953396974878142
3967096826910892
397397299535154
3977252152590808
3991500547728247
3993108804273714
3994934490743602
4016141721957117
4020551734897621
4027612740897657
4041942526044397
4046019035709603
405532582587898
406116079020195
4063349410591971
4085064001740000
409289618821368
4095030067430520
4101099320105949
410557745192018
410773012077756
410937351816900
4109937222595771
4111210255872186
4118427785065788
4122250308007825
412410598033804
4175611752687986
4185331425127048
4187899024862886
4197467510487109
421709050953602
422335177222379
4223532727931159
422706724226621
422834483979423
4234390206815967
424008220364475
4245596185667128
4271975383030334
4290787824539662
4297277730597231
434005649295436
434006569294249
4349466308710227
4353988844832305
4397886300441518
447718918277601
449094948190992
452424374282863
454171871017276
461383983060104
462792400119002
462944196798102
462985216561259
464168449290641
469682412564686
469702082549655
470069478928889
470414502792883
470888962500243
474353582419099
475189858667092
477492445329231
479878781676560
480752471640599
480901191660915
4889169644642770
490113540289809
491384977282882
494655440216998
494961963528896
496282499914277
497735549916551
498010822865557
498712592882989
499858712676781
501486166118947
502311442547593
502841772832374
502886396184385
503184622526233
505541189016117
506033869005066
506446215367926
506709725526978
510863571738377
511666895004544
511918824807107
514128861795252
514529704892618
514644631251680
518199117743304
518408680912342
522781433709858
523450357256613
524429280494946
525218807207405
528029026846565
528871259913837
530221519646620
532923379642649
533192832413939
534437052505396
534605179154028
535621842947223
535907389581245
536812035617039
538029992412206
539944622091886
539974985404121
541911682239274
542813288351971
542819788292203
542964945214380
543236688635998
543601088622902
545029988120850
545092284546241
545698331402663
546285024779042
547978977762503
548319837893647
548446924425191
550065148129767
550413958093889
550916854371289
554748747526593
556889080053847
558476724001607
561089696496450
561193259710986
561726176500929
563010929481754
563158882854211
563660809435748
563734236092711
564699679809906
565563522665500
566145232651586
567049729048052
568786758514522
569472508761008
569641075490804
570779192126322
572253418681955
573391318426808
574227261696011
574342489055576
576666781907439
578834865114865
579072631757243
579516834529238
581386174344950
583226847767497
583266810798500
583623724138631
589458773935625
590573626813202
591845993276218
592154403159596
593417013019219
593963136903468
595138466176892
596835009437031
604521892144066
606480269148326
608231345232503
608442645613678
611245528679263
613118938418214
6136764813107013
616759990758981
617794274733653
618689880561676
618894367188804
619632601216522
626445773846621
627017273423542
627906023710696
629840840126496
632944686105788
635114805852113
641891885405446
643045395428017
644017548206591
644451525131660
644720101942550
645062238397785
645365971702170
645380357917287
645647491138085
646988751200692
647635994507951
647980107563547
651464447438034
653114197788184
654262844402569
658222463969895
658446420611228
658812887117448
661433736977336
662081482872875
665906646422331
671140942208722
672628564691019
672682215298475
677207335312769
679607651744905
682177671460148
682812501506148
683922401121679
684932251270430
686550464148631
687450727080350
690841100608176
691029417187885
694954156788316
695128386765363
695817622853125
695942276809568
699369682724891
699856059555084
700340452916729
701055946333899
702148789221099
703073265919133
706436132360785
707615178739292
708561242108611
709728668369469
710568804935379
711941301431418
714468431332847
714871928222052
715685561273827
715772201374052
716645571097742
718616194502924
720042244209215
720500987059389
720736974288731
722476913584744
724028657086390
726723260075864
728746703078012
730370113013275
730697283300061
731017263205929
732724389545187
733526026160451
733999542478642
734435999457584
736426812690096
736802669105532
737158112616148
737759502400291
738080608844967
738266752460273
738353685502615
738729495263149
739168465553460
739813135187695
740304831968826
740380182129272
740497732124731
740762838622138
741093902104460
741421232190720
742693385292194
744203348347537
745397245110365
745743741411485
746083345090632
747558150944119
747892461745135
748091140885654
748377644648974
748574654805981
750305503957177
751117267394820
752195374375895
752239934071346
753401004165100
754704297191908
755042023920909
755752683805294
755853327162859
757551210001957
757683300173658
757684463674352
758284260129100
758381119649941
759174246701204
759630986660799
760295979922761
761366963432763
762188136053470
762615379930450
762814123002628
762868729469040
763588066425652
764536676403656
766622778934730
766697819185290
767056659066764
767371942597561
767517465972231
767785165658953
769214652681222
771007158647395
771204255605082
771864901915578
772320705287884
774774068823093
775445931812424
775787388670250
777409344658881
778112768176458
779745973704929
779946361380380
780417387714936
782540827294116
782917530920502
783435624006732
783689361033792
784206114225885
784426657663104
784779700975479
785032034057905
7858099614301411
785823223817924
786119657374606
787812100259533
788180320405257
7887129711374113
790432630248523
792250683193437
793449079837153
793754733376180
795467319709168
796446433106704
798162479633704
798817379381564
800174992701520
801001478976456
802189912235580
803031188909389
803180955631195
803518535304924
804296231927982
806922832295207
807031691694433
808158268293781
808774887874143
810106404676493
812130001235096
813436395188148
813825057764546
8144047482366041
815259504203710
817770997377341
820165306771969
821342047092396
821549170561240
824563086525358
825794906458871
826658423011592
827288139638047
829902102703304
832976518701303
833314072345904
8363941910383551
8371090356340741
8404231583001941
8423527651042690
843321544565934
845628287660582
8460834710632883
847899757299486
848542424777040
8491311604297279
850616087490977
8526079777453901
854985833487771
8555900901129625
855973819927500
858903666424167
859056583063934
8599755020110661
8604165629674195
861383019443272
8614000208659708
864753528749821
866173995398793
866231794947482
867430662208923
872547045030051
872694741639921
8757176067659546
876077077669873
878082554464171
880835740374594
880967417228599
8811984455497039
881720857442081
883548257212676
884851116930295
887675993325025
888334296693761
888840106140696
8890130801049444
890612862935618
892317715746541
894842572124398
894901058973696
8954216757963920
897717982266214
899953125061484
901054458643577
9036250379759906
904600581736356
904761618397847
908595411335438
908836270717172
909002251120852
910105231000212
912068797644166
9132706763425153
913320834028467
913809417621965
914483679617383
914702707287471
915090227343292
915193547165572
918506599792607
9189280507770413
920991473554718
921051273226308
921307673454653
922435206751522
924298512459215
928359989188772
928660245782550
929910675856080
932175015702868
9377693675577216
939764418164778
940745781205366
942595677889118
944650054321913
947025137474128
950562716753364
951680856171068
955771523214065
955928849898022
956251366440664
961358552636054
9628888413880406
967362354750186
973067731253662
977579847500605
979178740952065
9824924910949698
984187240244330
9868765996532853
987914490086272
9927670353975797
993646442583648
996465639228711
997864235371002
998168319033571
999446035256547
